[990] 0
[991] 1
[1022] 5
[1023] 6
[94] 20
[95] 21
[30] 10
[31] 11
[62] 15
[63] 16
[992] 7
[993] 8
[994] 9
[960] 2
[961] 3
[962] 4
[32] 17
[33] 18
[34] 19
[0] 12
[1] 13
[2] 14
[64] 22
[65] 23
[66] 24
(97.6, 0.0) (6.3, 8.6) (-4.1, 5.8) (-0.9, 2.3) (0.3, 2.2) (-1.0, 0.3) (-0.0, 0.2) (0.1, -0.2) (0.4, -0.1) (0.2, -0.4) (0.3, -0.2) (0.3, -0.1) (0.1, -0.1) (-0.0, 0.0) (-0.2, -0.0) (-0.2, 0.1) (-0.3, 0.0) (26.0, -54.0) (-2.1, -5.8) (1.7, 0.7) (0.9, -0.2) (0.1, -1.4) (0.3, 0.5) (0.1, -0.1) (-0.0, 0.1) (-0.2, -0.2) (-0.1, 0.2) (-0.1, 0.0) (-0.1, -0.1) (-0.0, 0.0) (0.0, 0.0) (0.0, 0.1) 
(0.1, -0.0) (0.1, 0.1) (-1.5, -20.9) (-1.9, 2.0) (1.1, -0.4) (0.0, -1.0) (-0.6, 0.8) (0.4, -0.4) (-0.1, -0.0) (-0.0, -0.1) (-0.1, 0.2) (0.1, -0.1) (-0.0, -0.0) (-0.0, 0.1) (0.0, -0.0) (-0.0, -0.0) (0.0, 0.0) (-0.0, 0.0) (0.0, -0.0) (2.2, -8.7) (1.2, 1.2) (0.1, -1.0) (-0.8, 0.6) (0.8, -0.1) (-0.3, -0.1) (0.0, 0.0) (-0.0, 0.0) (0.1, -0.0) (-0.1, -0.1) (-0.0, 0.1) (0.1, -0.0) (-0.0, 0.0) 
(-0.0, 0.0) (-0.0, -0.0) (0.0, 0.0) (-0.0, 0.0) (1.3, -3.9) (0.9, -0.7) (-0.9, -0.1) (0.7, 0.4) (-0.3, -0.4) (0.1, 0.2) (0.0, -0.0) (0.0, 0.0) (-0.0, -0.1) (-0.0, 0.1) (0.1, -0.0) (-0.0, -0.0) (0.0, 0.0) (0.0, 0.0) (-0.0, 0.0) (-0.0, -0.0) (0.0, -0.0) (1.7, -1.7) (-0.4, -0.5) (0.1, 0.6) (0.0, -0.4) (-0.1, 0.2) (0.0, -0.1) (-0.0, -0.0) (0.0, -0.0) (-0.0, 0.0) (0.1, -0.0) (-0.0, -0.0) 
(0.0, 0.0) (0.0, -0.0) (0.0, -0.0) (0.0, -0.0) (0.0, 0.0) (-0.0, -0.0) (0.3, -0.6) (-0.1, 0.1) (0.1, -0.1) (-0.1, 0.0) (0.0, 0.0) (-0.0, -0.0) (-0.0, 0.0) (-0.0, -0.0) (0.0, 0.0) (-0.0, -0.0) (0.0, 0.0) (0.0, -0.0) (-0.0, -0.0) (0.0, -0.0) (-0.0, 0.0) (0.0, -0.0) (0.0, 0.0) (-0.2, 0.5) (-0.2, -0.1) (0.1, 0.1) (-0.0, -0.1) (0.0, 0.0) (0.0, -0.0) (-0.0, -0.0) (0.0, -0.0) (-0.0, 0.0) 
(0.0, -0.0) (-0.0, 0.0) (-0.0, 0.0) (0.0, -0.0) (0.0, -0.0) (-0.0, -0.0) (-0.0, 0.0) (-0.0, 0.0) (-0.7, 0.5) (-0.1, 0.3) (0.2, -0.2) (-0.1, 0.1) (0.1, 0.0) (-0.0, -0.0) (-0.0, 0.0) (-0.0, 0.0) (0.0, -0.0) (-0.0, -0.0) (-0.0, 0.0) (0.0, 0.0) (-0.0, -0.0) (0.0, -0.0) (-0.0, 0.0) (0.0, 0.0) (0.0, -0.0) (-1.3, 0.8) (0.3, 0.1) (-0.2, -0.2) (0.1, 0.2) (0.0, -0.1) (-0.0, 0.0) (0.0, -0.0) 
(0.0, 0.0) (-0.0, -0.0) (-0.0, 0.0) (0.0, 0.0) (-0.0, -0.0) (-0.0, 0.0) (-0.0, -0.0) (0.0, 0.0) (0.0, -0.0) (-0.0, -0.0) (-0.9, 0.8) (0.1, -0.2) (-0.2, 0.1) (0.1, -0.1) (-0.1, 0.0) (0.0, 0.0) (-0.0, -0.0) (-0.0, -0.0) (-0.0, 0.0) (-0.0, 0.0) (0.0, -0.0) (-0.0, 0.0) (0.0, -0.0) (-0.0, 0.0) (0.0, -0.0) (-0.0, 0.0) (-0.0, 0.0) (-0.6, 0.4) (-0.1, -0.1) (0.1, 0.1) (-0.1, -0.1) (0.0, 0.1) 
(-0.0, -0.0) (-0.0, 0.0) (-0.0, 0.0) (-0.0, 0.0) (0.0, 0.0) (-0.0, -0.0) (0.0, 0.0) (-0.0, 0.0) (0.0, 0.0) (-0.0, -0.0) (0.0, 0.0) (0.0, -0.0) (-0.3, 0.1) (-0.0, 0.0) (0.0, -0.0) (-0.0, 0.0) (0.0, -0.0) (-0.0, 0.0) (0.0, -0.0) (-0.0, -0.0) (0.0, 0.0) (-0.0, -0.0) (0.0, 0.0) (-0.0, -0.0) (0.0, 0.0) (0.0, -0.0) (-0.0, 0.0) (0.0, -0.0) (-0.0, -0.0) (0.1, -0.0) (-0.0, -0.0) (0.0, 0.0) 
(-0.0, -0.0) (0.0, 0.0) (-0.0, -0.0) (0.0, 0.0) (0.0, -0.0) (-0.0, 0.0) (0.0, -0.0) (-0.0, 0.0) (0.0, -0.0) (0.0, 0.0) (0.0, 0.0) (-0.0, -0.0) (0.0, 0.0) (-0.0, -0.0) (0.5, -0.1) (-0.0, 0.0) (0.0, -0.0) (-0.0, 0.0) (0.0, -0.0) (-0.0, 0.0) (0.0, -0.0) (-0.0, -0.0) (0.0, 0.0) (-0.0, -0.0) (0.0, 0.0) (-0.0, -0.0) (0.0, -0.0) (0.0, -0.0) (-0.0, 0.0) (0.0, -0.0) (-0.0, 0.0) (0.7, -0.1) 
(0.0, 0.1) (-0.0, -0.1) (0.0, 0.0) (-0.0, -0.0) (0.0, -0.0) (-0.0, 0.0) (-0.0, 0.0) (0.0, -0.0) (-0.0, 0.0) (0.0, -0.0) (0.0, 0.0) (-0.0, -0.0) (-0.0, 0.0) (0.0, -0.0) (-0.0, 0.0) (0.0, -0.0) (0.7, 0.0) (0.1, -0.0) (-0.0, 0.0) (0.0, -0.0) (0.0, 0.0) (-0.0, -0.0) (0.0, 0.0) (0.0, 0.0) (-0.0, -0.0) (0.0, 0.0) (-0.0, -0.0) (-0.0, -0.0) (0.0, 0.0) (0.0, 0.0) (-0.0, -0.0) (0.0, 0.0) 
(-0.0, 0.0) (0.7, 0.1) (0.0, -0.1) (-0.0, 0.0) (0.0, 0.0) (-0.0, -0.0) (0.0, 0.0) (-0.0, -0.0) (0.0, -0.0) (-0.0, 0.0) (0.0, -0.0) (-0.0, 0.0) (-0.0, 0.0) (0.0, -0.0) (0.0, -0.0) (-0.0, 0.0) (0.0, -0.0) (0.0, 0.0) (0.5, 0.1) (-0.0, -0.0) (0.0, 0.0) (0.0, -0.0) (-0.0, 0.0) (0.0, -0.0) (-0.0, 0.0) (-0.0, 0.0) (0.0, 0.0) (-0.0, -0.0) (0.0, 0.0) (0.0, -0.0) (-0.0, -0.0) (-0.0, -0.0) 
(0.0, 0.0) (-0.0, -0.0) (-0.0, -0.0) (0.1, 0.0) (-0.0, 0.0) (0.0, -0.0) (-0.0, 0.0) (0.0, 0.0) (-0.0, -0.0) (0.0, 0.0) (-0.0, 0.0) (0.0, -0.0) (-0.0, 0.0) (0.0, -0.0) (-0.0, -0.0) (-0.0, 0.0) (-0.0, 0.0) (0.0, -0.0) (-0.0, 0.0) (-0.0, 0.0) (-0.3, -0.1) (-0.0, -0.0) (0.0, 0.0) (-0.0, -0.0) (0.0, 0.0) (-0.0, -0.0) (0.0, 0.0) (0.0, -0.0) (0.0, 0.0) (-0.0, -0.0) (0.0, 0.0) (-0.0, -0.0) 
(-0.0, -0.0) (-0.0, -0.0) (0.0, 0.0) (-0.0, -0.0) (-0.0, 0.0) (-0.6, -0.4) (-0.1, 0.0) (0.1, -0.0) (-0.1, 0.0) (0.1, -0.0) (-0.0, 0.0) (0.0, -0.0) (-0.0, -0.0) (0.0, -0.0) (-0.0, 0.0) (0.0, -0.0) (-0.0, 0.0) (0.0, 0.0) (-0.0, 0.0) (0.0, -0.0) (-0.0, 0.0) (0.0, 0.0) (-0.9, -0.8) (0.1, 0.2) (-0.1, -0.2) (0.1, 0.2) (-0.0, -0.1) (0.0, 0.0) (-0.0, -0.0) (-0.0, 0.0) (-0.0, -0.0) (0.0, 0.0) 
(-0.0, -0.0) (0.0, 0.0) (0.0, -0.0) (0.0, -0.0) (-0.0, -0.0) (0.0, 0.0) (-0.0, -0.0) (-1.3, -0.8) (0.3, -0.1) (-0.3, 0.1) (0.2, -0.1) (-0.1, 0.1) (0.0, -0.0) (0.0, 0.0) (0.0, 0.0) (-0.0, 0.0) (0.0, -0.0) (-0.0, 0.0) (0.0, -0.0) (-0.0, 0.0) (-0.0, -0.0) (0.0, 0.0) (-0.0, -0.0) (-0.0, 0.0) (-0.7, -0.5) (-0.1, -0.3) (0.1, 0.2) (-0.1, -0.2) (0.1, 0.1) (-0.0, -0.0) (0.0, -0.0) (0.0, -0.0) 
(0.0, 0.0) (-0.0, -0.0) (0.0, -0.0) (-0.0, 0.0) (0.0, -0.0) (-0.0, 0.0) (0.0, -0.0) (-0.0, 0.0) (0.0, 0.0) (-0.2, -0.5) (-0.1, 0.1) (0.1, -0.1) (-0.1, 0.1) (0.0, -0.0) (0.0, 0.0) (-0.0, -0.0) (-0.0, -0.0) (0.0, -0.0) (-0.0, 0.0) (-0.0, -0.0) (0.0, 0.0) (-0.0, -0.0) (-0.0, 0.0) (-0.0, -0.0) (0.0, 0.0) (-0.0, -0.0) (0.3, 0.6) (-0.1, -0.1) (0.1, 0.1) (-0.1, -0.0) (0.0, 0.0) (-0.0, 0.0) 
(0.0, -0.0) (-0.0, -0.0) (0.0, 0.0) (-0.0, -0.0) (0.0, -0.0) (-0.0, 0.0) (0.0, -0.0) (0.0, -0.0) (0.0, -0.0) (-0.0, 0.0) (0.0, -0.0) (1.7, 1.7) (-0.4, 0.4) (0.3, -0.3) (-0.1, 0.3) (0.0, -0.1) (0.0, 0.0) (-0.0, -0.0) (-0.0, 0.0) (0.0, -0.0) (-0.0, 0.0) (-0.0, -0.0) (0.0, 0.0) (-0.0, 0.0) (-0.0, -0.0) (-0.0, 0.0) (0.0, -0.0) (-0.0, 0.0) (1.3, 3.9) (0.7, 0.6) (-0.7, -0.5) (0.6, 0.3) 
(-0.3, -0.0) (0.1, -0.1) (0.0, 0.0) (0.0, 0.0) (-0.1, -0.0) (0.1, 0.0) (-0.0, 0.0) (-0.0, -0.0) (0.0, 0.0) (0.0, 0.0) (0.0, 0.0) (-0.0, -0.0) (0.0, 0.0) (2.2, 8.7) (0.9, -0.4) (-0.7, 1.5) (0.2, -0.9) (0.2, 0.4) (-0.2, -0.2) (0.0, -0.0) (0.0, -0.0) (-0.0, 0.2) (0.0, -0.1) (0.0, 0.0) (-0.0, 0.1) (0.0, -0.0) (0.0, -0.0) (-0.0, -0.0) (0.0, 0.0) (-0.0, -0.0) (-1.5, 20.9) (0.7, -1.0) 
(2.3, 0.7) (-0.8, -0.4) (0.6, -0.8) (-0.1, 0.4) (-0.0, -0.1) (-0.1, 0.0) (0.2, -0.1) (-0.2, 0.1) (-0.0, -0.0) (0.1, 0.0) (-0.0, 0.0) (-0.0, -0.0) (-0.0, 0.0) (0.1, -0.0) (0.0, 0.0) (26.0, 54.0) (-5.8, -4.4) (0.2, -6.9) (0.3, -0.8) (-1.2, -0.7) (0.6, -0.5) (-0.1, -0.0) (0.0, 0.1) (-0.3, 0.1) (0.2, 0.2) (-0.1, 0.2) (-0.1, 0.0) (0.0, 0.1) (0.0, -0.0) (0.1, -0.0) (-0.0, -0.1) (0.1, -0.1) 
(0.0, 0.0) (0.0, 0.0) (0.0, 0.0) (0.0, 0.0) (0.0, 0.0) (0.0, 0.0) (0.0, 0.0) (0.0, 0.0) (0.0, 0.0) (0.0, 0.0) (0.0, 0.0) (0.0, 0.0) (0.0, 0.0) (0.0, 0.0) (0.0, 0.0) (0.0, 0.0) (0.0, 0.0) (0.0, 0.0) (0.0, 0.0) (0.0, 0.0) (0.0, 0.0) (0.0, 0.0) (0.0, 0.0) (0.0, 0.0) (0.0, 0.0) (0.0, 0.0) (0.0, 0.0) (0.0, 0.0) (0.0, 0.0) (0.0, 0.0) (0.0, 0.0) (0.0, 0.0) 
(4080.0, 4080.0) (0.0, 0.0) (0.0, 0.0) (0.0, 0.0) (0.0, 0.0) (0.0, 0.0) (0.0, 0.0) (0.0, 0.0) (0.0, 0.0) (0.0, 0.0) (0.0, 0.0) (0.0, 0.0) (0.0, 0.0) (0.0, 0.0) (0.0, 0.0) (0.0, 0.0) (4063.0, 4080.0) (-17.0, 0.0) (-17.0, 0.0) (-17.0, 0.0) (-17.0, 0.0) (-17.0, 0.0) (-17.0, 0.0) (-17.0, 0.0) (-17.0, 0.0) (-17.0, 0.0) (-17.0, 0.0) (-17.0, 0.0) (-17.0, 0.0) (-17.0, 0.0) (-17.0, 0.0) (-17.0, 0.0) 
(4048.0, 4063.0) (-32.0, -17.0) (-32.0, -17.0) (-32.0, -17.0) (-32.0, -17.0) (-32.0, -17.0) (-32.0, -17.0) (-32.0, -17.0) (-32.0, -17.0) (-32.0, -17.0) (-32.0, -17.0) (-32.0, -17.0) (-32.0, -17.0) (-32.0, -17.0) (-32.0, -17.0) (-32.0, -17.0) (4016.0, 4048.0) (-62.7, -25.5) (-59.0, -20.0) (-53.5, -16.3) (-47.0, -15.0) (-40.5, -16.3) (-35.0, -20.0) (-31.3, -25.5) (-30.0, -32.0) (-31.3, -38.5) (-35.0, -44.0) (-40.5, -47.7) (-47.0, -49.0) (-53.5, -47.7) (-59.0, -44.0) (-62.7, -38.5) 
(3986.0, 4016.0) (-98.1, -50.5) (-96.6, -36.4) (-90.0, -23.9) (-79.0, -15.0) (-65.5, -10.9) (-51.4, -12.4) (-38.9, -19.0) (-30.0, -30.0) (-25.9, -43.5) (-27.4, -57.6) (-34.0, -70.1) (-45.0, -79.0) (-58.5, -83.1) (-72.6, -81.6) (-85.1, -75.0) (3940.0, 3986.0) (-143.7, -61.6) (-131.9, -34.4) (-111.5, -18.8) (-91.0, -15.0) (-75.6, -18.4) (-65.4, -23.1) (-56.8, -26.5) (-46.0, -30.0) (-32.4, -38.4) (-20.1, -55.6) (-16.4, -81.2) (-27.0, -109.0) (-52.4, -129.7) (-86.6, -134.9) (-119.2, -121.6) 
(3896.0, 3940.0) (-199.9, -85.1) (-184.1, -33.4) (-146.5, -2.1) (-105.0, 3.0) (-75.0, -11.3) (-62.4, -30.9) (-61.3, -43.5) (-60.0, -46.0) (-49.4, -45.7) (-29.9, -54.6) (-12.2, -80.6) (-11.0, -121.0) (-35.7, -161.9) (-83.6, -185.1) (-139.9, -177.8) (3837.0, 3896.0) (-259.3, -91.9) (-220.6, -21.1) (-163.1, 5.8) (-118.0, 1.0) (-91.0, -13.2) (-73.1, -27.4) (-60.6, -43.8) (-57.0, -60.0) (-58.4, -66.9) (-49.4, -64.9) (-21.7, -74.1) (6.0, -117.0) (-3.2, -188.0) (-68.9, -246.6) (-166.6, -247.9) 
(3016.0, 3072.0) (116.0, 565.8) (-449.1, -431.8) (-138.7, 203.9) (-112.0, 2.0) (-92.2, -52.2) (-61.8, -111.7) (-208.5, 160.4) (200.0, -312.0) (-350.8, 120.0) (125.1, -160.2) (79.3, -106.3) (-504.0, -114.0) (887.0, -25.6) (-1094.2, -728.3) (827.9, 350.1) (2456.0, 2528.0) (235.5, 961.6) (-626.5, -740.3) (-98.3, 444.4) (-142.0, 2.0) (-53.3, -296.9) (-236.4, 280.3) (37.3, -255.0) (-66.0, -58.0) (-248.6, 47.3) (278.5, -239.7) (-317.4, -53.3) (-8.0, -124.0) (450.3, -100.0) (-759.6, -664.3) (890.4, 235.9) 
(2346.0, 2433.0) (-251.3, 388.1) (-269.0, 240.5) (-265.0, -397.4) (-141.0, 396.0) (-91.0, -249.9) (-167.6, 101.8) (48.4, -260.1) (-282.0, 131.0) (-5.9, -143.5) (315.0, -230.5) (-815.8, 6.9) (797.0, -148.0) (-287.8, -226.7) (-262.4, -507.8) (740.4, 2.6) (2184.0, 2275.0) (-354.4, 382.4) (-322.1, 117.9) (-211.6, -50.3) (-150.0, -5.0) (-151.1, 65.0) (-132.5, -52.4) (75.7, -276.8) (-430.0, 261.0) (255.7, -341.3) (-27.9, -65.9) (-507.5, -79.9) (676.0, -159.0) (-434.1, -250.1) (130.5, -363.6) (455.4, -289.0) 
(1672.0, 1916.0) (-237.9, 364.1) (-425.6, 238.4) (-151.8, -174.3) (-152.0, 150.0) (-205.8, -91.1) (-31.2, 53.2) (-85.6, -289.3) (-214.0, 194.0) (47.4, -252.7) (83.6, -160.4) (-474.5, 30.8) (558.0, -316.0) (-295.8, -80.3) (45.2, -467.2) (635.9, -267.1) (1344.0, 1442.0) (-262.5, 526.9) (-390.1, 106.4) (-159.1, -11.7) (-150.0, 6.0) (-187.4, 38.0) (-56.1, -87.9) (-79.1, -114.0) (-180.0, 14.0) (9.4, -113.8) (68.1, -244.4) (-376.2, 93.3) (434.0, -402.0) (-215.6, 32.8) (74.1, -546.1) (638.4, -163.6) 
(947.0, 1116.0) (-180.6, 527.4) (-422.4, 108.8) (-87.1, 0.7) (-219.0, 8.0) (-88.9, 19.1) (-153.0, -80.8) (0.8, -89.1) (-219.0, -14.0) (56.5, -115.2) (-23.6, -176.8) (-199.3, 13.3) (231.0, -322.0) (-55.0, -11.3) (11.0, -471.2) (705.5, -176.9) (723.0, 764.0) (-250.6, 561.9) (-281.9, 51.0) (-170.9, 81.2) (-138.0, -47.0) (-112.3, 40.1) (-139.9, -81.0) (7.4, -79.5) (-201.0, -2.0) (62.4, -170.7) (-74.1, -55.0) (-75.6, -119.6) (108.0, -187.0) (0.5, -87.3) (67.9, -371.0) (603.2, -154.0) 
(449.0, 529.0) (-191.8, 475.0) (-247.3, 105.7) (-151.4, 39.8) (-125.0, -3.0) (-106.4, -1.4) (-111.9, -53.3) (-37.9, -58.0) (-105.0, -33.0) (-22.7, -134.5) (-26.7, -35.7) (-55.6, -141.5) (61.0, -129.0) (24.9, -119.1) (105.9, -276.7) (540.8, -148.3) (404.0, 467.0) (-165.4, 441.4) (-227.7, 103.8) (-146.3, 37.1) (-114.0, -1.0) (-103.7, -6.3) (-98.2, -53.3) (-45.9, -48.0) (-86.0, -43.0) (-32.0, -109.9) (-18.3, -51.8) (-53.0, -124.4) (56.0, -127.0) (25.1, -109.1) (108.2, -262.7) (497.2, -112.8) 
(346.0, 412.0) (-131.4, 397.7) (-215.8, 110.9) (-133.0, 26.4) (-108.0, 6.0) (-95.4, -10.7) (-85.0, -43.0) (-53.0, -42.9) (-70.0, -48.0) (-36.7, -89.6) (-12.2, -58.9) (-40.7, -104.9) (48.0, -122.0) (23.4, -105.4) (113.0, -241.0) (450.7, -86.5) (306.0, 363.0) (-109.3, 356.1) (-196.1, 112.3) (-126.0, 22.7) (-100.0, 11.0) (-88.5, -12.9) (-77.4, -36.9) (-50.7, -42.5) (-62.0, -49.0) (-32.9, -76.7) (-17.9, -60.3) (-31.2, -95.2) (40.0, -109.0) (22.7, -106.5) (123.4, -215.1) (399.9, -61.0) 
(264.0, 315.0) (-83.0, 317.4) (-177.1, 113.0) (-117.2, 22.9) (-93.0, 8.0) (-84.3, -13.2) (-67.7, -32.9) (-50.8, -38.3) (-52.0, -47.0) (-30.5, -66.7) (-22.9, -61.0) (-20.6, -89.2) (33.0, -92.0) (21.7, -109.5) (131.7, -187.1) (348.6, -39.3) (221.0, 264.0) (-59.8, 278.3) (-158.2, 113.4) (-109.8, 19.0) (-82.0, 11.0) (-77.5, -16.9) (-59.3, -25.8) (-53.7, -35.0) (-43.0, -46.0) (-29.2, -54.9) (-23.8, -63.4) (-10.1, -83.4) (24.0, -77.0) (22.4, -110.5) (137.3, -160.2) (301.5, -12.5) 
(172.0, 213.0) (-36.4, 235.5) (-129.7, 109.3) (-104.4, 24.3) (-76.0, 1.0) (-63.7, -10.1) (-57.6, -21.3) (-47.8, -35.7) (-34.0, -41.0) (-31.2, -45.4) (-22.3, -63.3) (2.2, -70.2) (10.0, -69.0) (27.2, -108.1) (137.6, -128.7) (254.0, 9.6) (139.0, 173.0) (-20.3, 195.8) (-105.7, 105.0) (-96.6, 25.6) (-67.0, 1.0) (-59.5, -6.6) (-52.9, -22.2) (-40.3, -31.5) (-33.0, -35.0) (-29.9, -45.7) (-12.3, -59.0) (2.5, -54.1) (1.0, -67.0) (37.6, -103.5) (130.9, -95.8) (206.4, 19.9) 
(108.0, 142.0) (-13.8, 154.0) (-78.8, 94.7) (-85.9, 31.3) (-66.0, 0.0) (-51.2, -11.6) (-42.0, -19.4) (-36.6, -23.9) (-32.0, -34.0) (-22.3, -44.6) (-5.2, -46.7) (-3.6, -45.8) (2.0, -64.0) (43.3, -93.9) (122.0, -64.6) (162.0, 26.4) (75.0, 101.0) (-0.2, 117.7) (-57.7, 82.7) (-72.3, 32.2) (-58.0, 0.0) (-42.4, -10.0) (-37.0, -14.0) (-34.2, -23.0) (-25.0, -33.0) (-13.1, -35.7) (-8.3, -34.7) (-7.7, -43.5) (8.0, -64.0) (51.7, -72.0) (103.0, -38.0) (118.2, 34.4) 
(51.0, 75.0) (1.2, 84.6) (-37.7, 63.7) (-52.4, 31.8) (-49.0, 7.0) (-40.5, -7.0) (-33.0, -15.6) (-25.2, -22.1) (-17.0, -25.0) (-12.5, -25.2) (-12.3, -29.7) (-7.0, -43.1) (15.0, -57.0) (51.8, -52.4) (83.0, -18.4) (84.6, 33.4) (34.0, 51.0) (3.9, 58.8) (-23.4, 49.3) (-38.9, 29.1) (-41.0, 8.0) (-34.0, -7.0) (-24.7, -13.9) (-18.3, -15.6) (-16.0, -17.0) (-15.2, -22.1) (-10.6, -31.3) (2.2, -40.5) (23.0, -42.0) (45.3, -29.8) (58.7, -4.1) (55.0, 27.0) 


 correcting consistency: original value was: 
complex : 0.000000
complex : 0.721014
(137.6, 0.0) (6.9, 28.9) (-10.2, 12.1) (-3.3, 4.7) (2.0, 4.9) (-2.5, 0.6) (-0.0, 0.3) (0.1, -0.5) (1.3, 0.2) (-0.0, -1.2) (0.8, -0.4) (0.6, 0.1) (0.1, -0.3) (-0.1, 0.0) (-0.3, -0.1) (-0.4, 0.3) (-0.6, 0.0) (-14.5, -23.1) (-11.4, -3.6) (2.6, 0.0) (1.1, 0.7) (-2.3, -1.9) (0.8, 0.5) (-0.0, -0.0) (0.2, 0.3) (-0.6, -0.6) (0.4, 0.6) (-0.0, 0.2) (-0.2, -0.4) (0.1, 0.2) (0.0, 0.0) (-0.0, 0.1) 
(0.0, -0.2) (0.1, -0.0) (-9.2, -10.6) (2.3, 1.3) (1.6, 0.3) (-0.1, -0.5) (0.2, 0.5) (0.4, 0.1) (-0.1, -0.1) (-0.2, -0.3) (0.2, 0.4) (-0.1, -0.2) (-0.1, -0.3) (0.1, 0.3) (-0.0, -0.2) (-0.0, -0.0) (0.0, 0.0) (-0.0, 0.1) (0.0, -0.1) (-1.5, -5.0) (2.8, 1.1) (1.1, 0.3) (-1.0, -0.4) (1.5, 1.0) (-0.6, -0.5) (0.1, 0.2) (0.1, 0.1) (-0.0, -0.1) (-0.1, -0.2) (0.0, 0.2) (-0.0, -0.2) (-0.0, 0.0) 
(-0.0, 0.0) (-0.0, -0.0) (0.0, 0.0) (-0.0, 0.1) (0.4, -2.3) (2.1, 0.9) (-1.6, -0.9) (1.8, 1.5) (-1.0, -1.0) (0.4, 0.5) (-0.0, -0.1) (-0.0, -0.0) (-0.0, -0.1) (0.0, 0.1) (0.0, -0.1) (-0.0, -0.0) (0.0, -0.0) (0.0, 0.0) (-0.0, 0.0) (-0.0, 0.0) (0.0, -0.0) (1.4, -0.4) (-0.8, -0.6) (0.9, 0.9) (-0.5, -0.6) (0.3, 0.4) (-0.1, -0.1) (0.0, 0.0) (0.0, 0.0) (-0.0, -0.0) (0.0, 0.0) (-0.0, -0.1) 
(0.0, 0.0) (0.0, -0.0) (-0.0, 0.0) (0.0, -0.0) (-0.0, 0.0) (-0.0, 0.0) (0.1, -0.3) (0.0, 0.1) (0.1, -0.0) (-0.0, 0.0) (0.0, 0.0) (0.0, 0.0) (-0.0, -0.0) (-0.0, -0.0) (0.0, 0.0) (-0.0, -0.0) (0.0, 0.0) (0.0, -0.0) (0.0, -0.0) (0.0, -0.0) (-0.0, 0.0) (0.0, -0.0) (-0.0, 0.0) (0.1, 0.4) (-0.3, -0.2) (0.1, 0.1) (-0.1, -0.1) (0.0, 0.0) (0.0, 0.0) (-0.0, -0.0) (-0.0, -0.0) (0.0, 0.1) 
(-0.0, -0.0) (-0.0, 0.0) (-0.0, 0.0) (0.0, -0.0) (0.0, -0.0) (0.0, -0.0) (0.0, -0.0) (-0.0, 0.0) (-0.6, 0.1) (-0.0, 0.1) (-0.0, -0.2) (-0.1, -0.1) (0.1, 0.1) (-0.0, -0.1) (0.0, 0.0) (-0.0, 0.0) (0.0, -0.0) (-0.0, 0.0) (-0.0, -0.0) (0.0, 0.0) (-0.0, -0.0) (0.0, -0.0) (0.0, -0.0) (-0.0, 0.0) (0.0, -0.0) (-0.7, 0.2) (0.2, 0.1) (-0.2, -0.4) (0.1, 0.3) (-0.1, -0.3) (0.0, 0.1) (0.0, -0.0) 
(0.0, -0.0) (-0.0, 0.0) (0.0, -0.0) (-0.0, 0.0) (0.0, -0.0) (-0.0, 0.0) (0.0, -0.0) (-0.0, 0.0) (0.0, -0.0) (-0.0, 0.0) (-0.3, 0.5) (-0.1, -0.4) (-0.0, 0.1) (0.0, -0.2) (-0.0, 0.0) (0.0, -0.0) (-0.0, -0.0) (-0.0, -0.0) (0.0, -0.0) (-0.0, 0.0) (0.0, -0.0) (-0.0, 0.0) (-0.0, -0.0) (-0.0, 0.0) (0.0, -0.0) (-0.0, 0.0) (0.0, -0.0) (-0.2, 0.3) (-0.1, -0.2) (0.0, 0.1) (-0.1, -0.2) (0.0, 0.1) 
(-0.0, -0.1) (0.0, 0.0) (0.0, 0.0) (-0.0, 0.0) (0.0, -0.0) (-0.0, 0.0) (0.0, 0.0) (-0.0, 0.0) (0.0, -0.0) (-0.0, -0.0) (0.0, 0.0) (0.0, -0.0) (-0.2, 0.0) (-0.0, -0.0) (0.0, -0.1) (-0.0, 0.0) (0.0, -0.0) (-0.0, 0.0) (0.0, -0.0) (-0.0, 0.0) (-0.0, 0.0) (0.0, -0.0) (-0.0, 0.0) (0.0, -0.0) (-0.0, 0.0) (0.0, -0.0) (-0.0, 0.0) (0.0, -0.0) (0.0, -0.0) (0.0, -0.0) (-0.0, 0.0) (0.0, 0.0) 
(-0.0, -0.0) (0.0, 0.0) (-0.0, -0.0) (-0.0, 0.0) (0.0, -0.0) (-0.0, 0.0) (0.0, -0.0) (-0.0, 0.0) (0.0, -0.0) (-0.0, 0.0) (-0.0, 0.0) (-0.0, -0.0) (-0.0, 0.0) (0.0, -0.0) (0.2, -0.0) (-0.0, 0.1) (0.0, 0.0) (-0.0, 0.1) (0.0, -0.0) (-0.0, 0.0) (0.0, -0.0) (0.0, -0.0) (0.0, 0.0) (-0.0, -0.0) (0.0, -0.0) (-0.0, 0.0) (0.0, -0.0) (0.0, -0.0) (-0.0, 0.0) (0.0, -0.0) (-0.0, 0.0) (0.3, -0.2) 
(0.0, 0.2) (-0.0, -0.0) (0.0, 0.0) (-0.0, 0.0) (0.0, -0.0) (-0.0, 0.0) (-0.0, 0.0) (0.0, -0.0) (-0.0, 0.0) (0.0, -0.0) (0.0, -0.0) (-0.0, 0.0) (-0.0, 0.0) (0.0, -0.0) (-0.1, 0.0) (0.0, -0.0) (0.4, 0.0) (0.0, 0.1) (-0.0, 0.1) (0.0, 0.0) (-0.0, 0.0) (-0.0, 0.0) (0.0, 0.0) (0.0, -0.0) (-0.0, 0.0) (0.0, -0.0) (0.0, -0.0) (-0.0, -0.0) (0.0, 0.0) (0.0, 0.0) (-0.0, -0.0) (0.0, 0.0) 
(-0.0, 0.0) (0.3, 0.2) (-0.0, 0.0) (-0.0, 0.1) (-0.0, 0.1) (0.0, -0.0) (-0.0, 0.0) (0.0, -0.0) (0.0, -0.0) (-0.0, 0.0) (0.0, -0.0) (-0.0, 0.0) (0.0, -0.0) (0.0, -0.0) (0.0, -0.0) (-0.0, 0.0) (-0.0, -0.0) (0.0, 0.0) (0.2, 0.0) (-0.0, 0.1) (-0.0, 0.1) (0.0, -0.0) (-0.0, 0.0) (0.0, -0.0) (-0.0, 0.0) (-0.0, 0.0) (0.0, -0.0) (-0.0, -0.0) (0.0, 0.0) (0.0, -0.0) (-0.0, -0.0) (-0.0, -0.0) 
(0.0, 0.0) (0.0, 0.0) (-0.0, -0.0) (0.0, 0.0) (-0.0, 0.0) (0.0, -0.0) (-0.0, 0.0) (0.0, -0.0) (-0.0, 0.0) (0.0, -0.0) (0.0, -0.0) (0.0, -0.0) (-0.0, 0.0) (0.0, -0.0) (-0.0, 0.0) (0.0, 0.0) (-0.0, 0.0) (0.0, -0.0) (-0.0, -0.0) (0.0, 0.0) (-0.2, -0.0) (0.0, -0.1) (-0.0, 0.0) (0.0, -0.1) (-0.0, 0.0) (0.0, -0.0) (0.0, 0.0) (-0.0, 0.0) (0.0, 0.0) (-0.0, -0.0) (0.0, 0.0) (-0.0, 0.0) 
(-0.0, -0.0) (-0.0, -0.0) (0.0, 0.0) (-0.0, -0.0) (0.0, 0.0) (-0.2, -0.3) (-0.0, -0.0) (0.2, -0.1) (-0.1, 0.1) (0.1, -0.1) (-0.0, 0.0) (0.0, -0.0) (-0.0, -0.0) (0.0, -0.0) (-0.0, 0.0) (0.0, -0.0) (-0.0, 0.0) (0.0, 0.0) (0.0, 0.0) (-0.0, -0.0) (0.0, 0.0) (0.0, 0.0) (-0.3, -0.5) (0.0, 0.1) (0.1, -0.3) (-0.0, 0.1) (0.0, -0.1) (0.0, 0.0) (-0.0, -0.0) (-0.0, 0.0) (-0.0, -0.0) (0.0, 0.0) 
(-0.0, -0.0) (0.0, 0.0) (-0.0, 0.0) (0.0, 0.0) (-0.0, -0.0) (0.0, 0.0) (0.0, 0.0) (-0.7, -0.2) (0.4, -0.4) (-0.3, 0.2) (0.3, -0.2) (-0.2, 0.1) (0.1, -0.1) (-0.0, 0.0) (0.0, 0.0) (-0.0, 0.0) (0.0, -0.0) (-0.0, 0.0) (-0.0, -0.0) (-0.0, -0.0) (-0.0, -0.0) (0.0, 0.0) (-0.0, -0.0) (-0.0, -0.0) (-0.6, -0.1) (0.2, -0.4) (0.1, 0.1) (-0.0, -0.1) (0.1, 0.0) (-0.0, 0.0) (0.0, -0.0) (0.0, -0.0) 
(-0.0, 0.0) (-0.0, -0.0) (0.0, 0.0) (-0.0, -0.0) (0.0, 0.0) (0.0, 0.0) (0.0, 0.0) (-0.0, -0.0) (0.0, 0.0) (0.1, -0.4) (-0.1, 0.1) (0.2, -0.1) (-0.1, 0.1) (0.1, -0.0) (0.0, 0.0) (-0.0, -0.0) (-0.0, -0.0) (0.0, -0.0) (-0.0, 0.0) (-0.0, -0.0) (0.0, 0.0) (-0.0, -0.0) (-0.0, 0.0) (-0.0, -0.0) (0.0, 0.0) (-0.0, -0.0) (0.1, 0.3) (-0.1, -0.0) (0.1, 0.0) (-0.1, 0.0) (0.0, -0.0) (-0.0, 0.0) 
(0.0, -0.0) (-0.0, -0.0) (0.0, 0.0) (-0.0, -0.0) (0.0, -0.0) (0.0, 0.0) (0.0, -0.0) (-0.0, -0.0) (-0.0, -0.0) (-0.0, 0.0) (-0.0, -0.0) (1.4, 0.4) (-1.1, 0.6) (0.4, -0.3) (-0.4, 0.2) (-0.0, -0.1) (0.0, 0.0) (-0.0, -0.0) (-0.0, 0.0) (0.1, -0.0) (-0.0, 0.0) (-0.0, -0.0) (0.0, 0.0) (-0.0, -0.0) (-0.0, -0.0) (-0.0, -0.0) (0.0, 0.0) (-0.0, -0.0) (0.4, 2.3) (-0.2, 0.5) (-1.4, -0.0) (0.4, 0.1) 
(-0.5, 0.0) (0.1, -0.0) (0.0, 0.0) (0.1, 0.0) (-0.1, -0.0) (0.1, 0.0) (0.1, 0.1) (-0.1, -0.1) (0.0, 0.0) (0.0, -0.0) (0.0, 0.0) (-0.0, -0.1) (0.0, 0.0) (-1.5, 5.0) (-1.0, -0.3) (-2.4, 0.7) (0.4, -0.5) (-0.2, 0.2) (-0.2, -0.1) (0.0, -0.0) (0.0, -0.0) (-0.0, 0.1) (0.1, 0.0) (-0.0, -0.0) (0.0, 0.1) (0.0, 0.0) (0.0, 0.0) (-0.0, -0.1) (0.0, 0.1) (-0.0, -0.1) (-9.2, 10.6) (-3.9, -1.5) 
(2.2, 0.4) (-2.4, -0.2) (1.3, -0.1) (-0.7, 0.0) (0.0, -0.0) (-0.1, -0.1) (0.5, 0.2) (-0.4, -0.2) (0.1, 0.1) (0.1, 0.1) (-0.1, -0.1) (-0.0, -0.0) (0.0, 0.0) (0.0, -0.1) (0.0, 0.1) (-14.5, 23.1) (2.9, -2.2) (4.7, -2.6) (2.6, 0.9) (-2.7, -1.0) (1.8, 0.3) (-0.1, 0.0) (0.1, 0.2) (-0.8, -0.6) (0.6, 0.5) (-0.3, -0.1) (-0.2, -0.3) (0.1, 0.1) (0.0, 0.0) (0.0, 0.1) (-0.0, -0.1) (0.1, 0.0) 
(0.0, 0.0) (0.0, 0.0) (0.0, 0.0) (0.0, 0.0) (0.0, 0.0) (0.0, 0.0) (0.0, 0.0) (0.0, 0.0) (0.0, 0.0) (0.0, 0.0) (0.0, 0.0) (0.0, 0.0) (0.0, 0.0) (0.0, 0.0) (0.0, 0.0) (0.0, 0.0) (0.0, 0.0) (0.0, 0.0) (0.0, 0.0) (0.0, 0.0) (0.0, 0.0) (0.0, 0.0) (0.0, 0.0) (0.0, 0.0) (0.0, 0.0) (0.0, 0.0) (0.0, 0.0) (0.0, 0.0) (0.0, 0.0) (0.0, 0.0) (0.0, 0.0) (0.0, 0.0) 
(1966.0, 2099.0) (-793.8, 531.1) (-448.0, 186.0) (-329.2, 65.7) (-263.0, 0.0) (-218.5, -43.7) (-187.4, -78.0) (-158.0, -106.3) (-132.0, -133.0) (-102.1, -154.3) (-76.0, -186.0) (-42.7, -219.7) (1.0, -262.0) (66.5, -329.1) (187.4, -450.0) (530.0, -791.7) (2113.0, 2222.0) (-690.0, 465.0) (-390.0, 165.0) (-283.1, 58.1) (-225.0, 0.0) (-187.7, -37.3) (-156.6, -68.4) (-131.8, -93.2) (-109.0, -116.0) (-90.1, -134.9) (-62.0, -163.0) (-33.0, -192.0) (5.0, -230.0) (63.8, -288.8) (168.6, -393.6) (471.9, -696.9) 
(2294.0, 2390.0) (-591.9, 402.0) (-332.9, 142.7) (-242.5, 53.8) (-193.0, 1.0) (-160.5, -31.5) (-135.7, -56.7) (-113.9, -76.6) (-94.0, -96.0) (-72.7, -114.6) (-57.1, -138.7) (-28.9, -162.4) (5.0, -195.0) (53.1, -243.9) (145.7, -335.3) (405.3, -594.8) (2501.0, 2584.0) (-500.9, 333.3) (-284.4, 117.4) (-208.1, 41.4) (-167.0, 0.0) (-141.9, -28.5) (-115.6, -48.6) (-98.9, -67.2) (-83.0, -84.0) (-67.1, -100.5) (-49.6, -117.4) (-30.6, -143.5) (-3.0, -168.0) (37.8, -208.2) (113.6, -283.4) (329.7, -498.8) 
(2731.0, 2801.0) (-419.8, 253.8) (-247.1, 84.5) (-185.2, 26.7) (-154.0, -4.0) (-125.1, -24.9) (-105.2, -41.9) (-88.2, -57.5) (-71.0, -71.0) (-58.9, -89.1) (-44.9, -106.5) (-29.5, -126.0) (-10.0, -154.0) (19.8, -183.8) (77.2, -244.1) (246.9, -415.2) (2973.0, 3042.0) (-358.8, 175.1) (-224.0, 56.2) (-173.1, 17.0) (-136.0, -7.0) (-114.0, -24.5) (-96.3, -38.0) (-84.6, -50.9) (-69.0, -62.0) (-53.2, -76.4) (-36.0, -92.2) (-23.0, -117.1) (-12.0, -145.0) (1.9, -182.2) (32.3, -226.0) (148.7, -349.0) 
(3235.0, 3293.0) (-319.6, 81.0) (-227.5, 24.6) (-171.4, 14.9) (-130.0, 4.0) (-100.8, -17.1) (-82.9, -37.5) (-75.9, -51.6) (-69.0, -61.0) (-54.7, -66.9) (-36.5, -78.6) (-17.3, -104.6) (-4.0, -140.0) (-4.9, -181.0) (-5.1, -228.5) (48.5, -306.7) (3498.0, 3564.0) (-307.2, -7.9) (-232.9, 8.0) (-170.7, 14.7) (-126.0, 2.0) (-99.1, -15.4) (-81.0, -31.3) (-67.9, -47.9) (-62.0, -64.0) (-60.0, -72.5) (-49.1, -74.0) (-22.1, -85.5) (6.0, -126.0) (6.3, -192.2) (-33.0, -254.7) (-71.3, -297.3) 
(3016.0, 3072.0) (116.0, 565.8) (-449.1, -431.8) (-138.7, 203.9) (-112.0, 2.0) (-92.2, -52.2) (-61.8, -111.7) (-208.5, 160.4) (200.0, -312.0) (-350.8, 120.0) (125.1, -160.2) (79.3, -106.3) (-504.0, -114.0) (887.0, -25.6) (-1094.2, -728.3) (827.9, 350.1) (2690.0, 2761.0) (324.4, 986.1) (-658.5, -844.6) (-94.5, 488.0) (-126.0, 3.0) (-44.5, -326.6) (-244.0, 316.7) (56.7, -267.5) (-70.0, -55.0) (-263.6, 68.9) (314.5, -253.4) (-351.0, -46.9) (-10.0, -109.0) (495.7, -100.4) (-872.0, -698.7) (900.8, 318.4) 
(2878.0, 2945.0) (-207.3, 318.9) (-250.9, 245.9) (-285.2, -509.0) (-136.0, 495.0) (-72.8, -304.3) (-173.3, 145.1) (83.6, -312.4) (-338.0, 185.0) (23.2, -128.5) (396.9, -285.9) (-1018.9, 65.1) (996.0, -121.0) (-363.1, -266.1) (-396.7, -545.1) (736.5, 120.3) (3051.0, 3133.0) (-336.1, 255.9) (-341.2, 91.0) (-211.9, -91.5) (-146.0, -12.0) (-160.4, 106.3) (-113.1, -40.0) (135.0, -390.2) (-589.0, 427.0) (422.4, -419.5) (-42.8, -97.0) (-725.0, -5.5) (980.0, -148.0) (-649.9, -306.7) (89.1, -378.0) (333.8, -252.8) 
(2718.0, 3068.0) (-171.4, 176.2) (-536.2, 295.8) (-121.9, -328.0) (-158.0, 242.0) (-266.9, -133.9) (53.1, 138.0) (-103.6, -484.0) (-332.0, 414.0) (170.4, -333.2) (134.2, -269.8) (-808.4, 214.3) (964.0, -428.0) (-560.0, -57.1) (-43.1, -572.0) (581.9, -246.3) (2643.0, 2750.0) (-240.0, 448.7) (-549.8, 65.3) (-127.7, -72.9) (-167.0, -14.0) (-273.7, 114.8) (39.4, -120.8) (-106.3, -225.3) (-329.0, 146.0) (155.0, -89.8) (131.8, -517.3) (-792.6, 453.1) (949.0, -710.0) (-569.3, 210.2) (2.6, -839.2) (594.6, -78.9) 
(2316.0, 2673.0) (-61.5, 478.1) (-800.5, 87.4) (107.4, -85.0) (-432.0, 5.0) (-11.6, 99.6) (-243.9, -123.5) (159.2, -209.3) (-580.0, 117.0) (383.9, -88.5) (-107.5, -509.4) (-533.1, 425.7) (680.0, -719.0) (-310.8, 210.8) (-224.1, -850.5) (874.5, -151.4) (2485.0, 2346.0) (-451.9, 845.4) (-448.8, -262.9) (-236.1, 253.0) (-187.0, -252.0) (-152.9, 239.1) (-259.5, -136.6) (290.3, -325.1) (-815.0, 346.0) (676.0, -426.6) (-443.2, -127.1) (-200.8, 53.6) (413.0, -456.0) (-163.3, 58.1) (-208.5, -849.4) (774.7, -89.5) 
(2182.0, 2531.0) (-301.2, 707.8) (-613.4, -155.5) (-161.5, 207.8) (-194.0, -219.0) (-237.2, 187.8) (-118.0, -54.1) (78.3, -474.6) (-574.0, 575.0) (431.0, -771.8) (-262.6, 305.5) (-286.6, -443.3) (402.0, 29.0) (-68.6, -415.9) (-350.0, -435.9) (1017.9, -501.9) (2358.0, 2272.0) (-741.3, 871.3) (-176.9, -135.2) (-551.7, 61.4) (37.0, -9.0) (-331.1, 37.9) (-96.8, -56.5) (-13.0, -324.3) (-332.0, 356.0) (33.3, -634.5) (180.9, 313.2) (-658.0, -601.4) (629.0, 217.0) (-164.8, -550.7) (-279.2, -445.5) (938.7, -427.8) 
(2284.0, 2414.0) (-700.8, 711.2) (-349.5, 15.3) (-349.3, -0.4) (-194.0, -26.0) (-130.6, 131.1) (-270.6, -221.1) (79.7, -109.7) (-344.0, 122.0) (-44.2, -433.9) (309.5, 156.7) (-823.8, -514.7) (810.0, 182.0) (-348.5, -600.4) (-109.4, -322.9) (885.5, -671.2) (2376.0, 2337.0) (-889.8, 679.5) (-246.2, 145.9) (-412.9, -161.9) (-199.0, 154.0) (-70.4, -46.8) (-399.6, -91.5) (236.1, -180.7) (-518.0, 113.0) (115.4, -366.1) (168.2, 20.1) (-720.2, -335.7) (769.0, -48.0) (-387.2, -386.5) (17.6, -494.5) (769.0, -633.7) 
(2279.0, 2417.0) (-793.5, 615.1) (-431.3, 141.1) (-295.5, -33.6) (-206.0, -10.0) (-189.6, 68.3) (-238.7, -96.7) (111.9, -283.7) (-501.0, 255.0) (206.0, -478.1) (11.3, 20.9) (-584.1, -229.0) (728.0, -234.0) (-462.9, -245.2) (158.7, -525.3) (719.7, -773.7) (1980.0, 2194.0) (-718.0, 683.4) (-456.4, 280.2) (-315.4, -317.0) (-214.0, 336.0) (-177.6, -226.2) (-237.8, 46.8) (9.1, -249.5) (-276.0, 94.0) (-111.6, -294.8) (304.4, -124.2) (-742.6, -141.3) (690.0, -324.0) (-244.8, -126.3) (-150.2, -702.8) (1076.9, -616.2) 
(1825.0, 1887.0) (-550.1, 1230.7) (-722.6, -418.6) (-103.0, 323.0) (-348.0, 8.0) (-105.5, -229.0) (-259.4, 156.9) (-89.2, -252.6) (-77.0, -65.0) (-264.1, -109.3) (172.6, -233.4) (-246.1, -112.9) (8.0, -366.0) (323.7, -72.3) (-430.6, -760.9) (1202.3, -569.6) (1856.0, 2018.0) (-719.3, 977.9) (-587.4, -127.8) (-222.8, 149.4) (-263.0, 9.0) (-211.7, -64.2) (-117.9, -97.6) (-254.5, 4.6) (34.0, -270.0) (-250.1, -1.3) (-0.6, -262.2) (28.7, -139.7) (-275.0, -349.0) (529.1, -76.4) (-518.1, -752.4) (1228.6, -682.3) 
(2198.0, 2315.0) (-982.9, 680.7) (-465.5, 118.1) (-288.6, 38.2) (-236.0, 5.0) (-208.9, -33.4) (-178.9, -72.5) (-144.6, -105.0) (-114.0, -121.0) (-99.7, -136.4) (-86.5, -176.1) (-39.1, -218.5) (20.0, -239.0) (31.4, -270.8) (86.9, -485.5) (716.4, -1042.6) (1824.0, 1942.0) (-834.0, 646.6) (-430.7, 127.8) (-270.9, 37.7) (-219.0, 5.0) (-191.9, -35.8) (-158.3, -69.5) (-127.6, -89.2) (-112.0, -104.0) (-95.6, -133.9) (-67.3, -167.8) (-21.6, -189.5) (3.0, -203.0) (17.5, -268.9) (120.3, -458.5) (692.1, -863.0) 
(1477.0, 1574.0) (-675.8, 591.8) (-382.5, 142.2) (-260.5, 35.7) (-193.0, -4.0) (-161.5, -31.2) (-139.6, -54.1) (-122.1, -75.9) (-105.0, -100.0) (-81.9, -125.1) (-51.5, -146.2) (-24.9, -159.9) (-7.0, -186.0) (23.2, -251.6) (137.6, -401.9) (631.5, -696.0) (1147.0, 1242.0) (-532.8, 510.6) (-319.2, 136.3) (-220.6, 37.4) (-169.0, -2.0) (-141.6, -23.7) (-122.4, -49.6) (-105.1, -70.7) (-85.0, -90.0) (-63.8, -105.1) (-44.8, -118.3) (-29.9, -136.3) (-9.0, -170.0) (34.3, -229.8) (146.4, -332.4) (547.6, -534.5) 


 correcting consistency: original value was: 
complex : 0.000000
complex : 0.407553
(83.8, 0.0) (6.9, 35.8) (-4.4, 14.9) (-1.9, 6.4) (-0.7, 4.2) (-1.3, 1.5) (-0.1, 0.3) (0.3, -0.4) (0.7, -0.5) (0.6, -0.7) (0.8, -0.5) (0.5, -0.2) (0.2, -0.1) (-0.1, 0.0) (-0.3, 0.0) (-0.5, 0.1) (-0.7, 0.0) (17.1, 10.0) (-5.9, 5.0) (0.1, 0.4) (-0.4, 1.3) (-1.0, 0.2) (0.2, 0.1) (-0.1, 0.1) (0.1, 0.0) (-0.0, -0.1) (0.3, -0.0) (0.0, 0.0) (0.1, -0.1) (0.1, 0.0) (-0.0, 0.0) (-0.1, 0.0) 
(-0.1, -0.1) (-0.1, -0.0) (-4.9, -2.9) (-1.1, -1.5) (0.7, 0.2) (-0.5, -0.1) (0.2, -0.4) (-0.1, 0.1) (-0.0, -0.1) (-0.0, -0.0) (0.1, 0.0) (-0.1, 0.1) (0.0, -0.1) (0.0, 0.1) (-0.0, -0.0) (-0.0, -0.0) (0.0, -0.0) (0.0, 0.0) (0.0, -0.0) (0.3, -3.3) (1.4, 0.5) (-0.5, 0.5) (0.0, -0.5) (0.2, 0.5) (-0.2, -0.2) (0.0, 0.0) (0.0, -0.0) (-0.0, 0.1) (-0.0, -0.1) (0.0, 0.0) (-0.0, -0.0) (0.0, 0.0) 
(0.0, 0.0) (-0.0, -0.0) (0.0, 0.0) (-0.0, 0.0) (0.3, -1.3) (0.1, 0.8) (-0.4, -0.5) (0.4, 0.5) (-0.3, -0.2) (0.1, 0.1) (-0.0, 0.0) (-0.0, 0.0) (-0.0, -0.1) (0.1, 0.1) (-0.0, -0.0) (0.0, -0.0) (-0.0, 0.0) (0.0, 0.0) (-0.0, 0.0) (-0.0, -0.0) (0.0, -0.0) (0.8, -0.0) (-0.5, -0.1) (0.3, 0.1) (-0.3, -0.0) (0.1, -0.0) (-0.0, 0.0) (0.0, -0.0) (-0.0, -0.0) (0.0, 0.0) (-0.0, 0.0) (0.0, -0.0) 
(0.0, 0.0) (-0.0, -0.0) (-0.0, -0.0) (0.0, -0.0) (0.0, 0.0) (-0.0, -0.0) (-0.0, -0.1) (0.0, -0.0) (-0.0, 0.1) (-0.0, -0.0) (0.0, 0.0) (-0.0, -0.0) (0.0, -0.0) (0.0, -0.0) (-0.0, 0.0) (-0.0, -0.0) (0.0, 0.0) (-0.0, -0.0) (0.0, -0.0) (0.0, -0.0) (0.0, 0.0) (0.0, -0.0) (-0.0, 0.0) (-0.0, 0.2) (-0.1, -0.1) (0.1, 0.1) (-0.1, -0.1) (0.0, 0.0) (-0.0, 0.0) (0.0, -0.0) (-0.0, -0.0) (0.0, 0.0) 
(-0.0, -0.0) (0.0, 0.0) (-0.0, 0.0) (0.0, -0.0) (-0.0, -0.0) (0.0, -0.0) (0.0, 0.0) (-0.0, 0.0) (-0.3, 0.1) (0.2, -0.0) (-0.1, 0.0) (0.1, -0.0) (-0.0, 0.0) (-0.0, -0.0) (0.0, 0.0) (0.0, 0.0) (-0.0, -0.0) (0.0, -0.0) (-0.0, 0.0) (-0.0, -0.0) (0.0, -0.0) (0.0, -0.0) (0.0, 0.0) (-0.0, -0.0) (0.0, -0.0) (-0.3, -0.1) (0.1, 0.1) (-0.0, -0.2) (0.1, 0.1) (-0.0, -0.1) (0.0, 0.0) (-0.0, 0.0) 
(-0.0, 0.0) (0.0, -0.0) (0.0, 0.0) (-0.0, 0.0) (0.0, -0.0) (-0.0, 0.0) (0.0, 0.0) (-0.0, 0.0) (0.0, -0.0) (0.0, 0.0) (-0.0, 0.2) (-0.0, -0.1) (0.1, 0.0) (-0.1, -0.0) (0.0, -0.0) (-0.0, 0.0) (0.0, -0.0) (-0.0, -0.0) (0.0, 0.0) (-0.0, 0.0) (0.0, -0.0) (-0.0, 0.0) (-0.0, -0.0) (-0.0, 0.0) (0.0, -0.0) (-0.0, 0.0) (-0.0, -0.0) (-0.2, 0.2) (0.0, -0.1) (0.0, 0.1) (0.0, -0.1) (0.0, 0.0) 
(-0.0, -0.0) (0.0, 0.0) (0.0, 0.0) (-0.0, 0.0) (-0.0, -0.0) (0.0, 0.0) (-0.0, -0.0) (-0.0, 0.0) (-0.0, -0.0) (0.0, 0.0) (-0.0, -0.0) (0.0, -0.0) (-0.1, 0.0) (0.0, 0.0) (-0.0, -0.0) (0.0, 0.0) (-0.0, -0.0) (0.0, 0.0) (-0.0, -0.0) (-0.0, -0.0) (-0.0, 0.0) (0.0, -0.0) (-0.0, 0.0) (0.0, -0.0) (0.0, -0.0) (0.0, -0.0) (-0.0, 0.0) (0.0, -0.0) (0.0, 0.0) (0.0, 0.0) (-0.0, -0.0) (-0.0, 0.0) 
(0.0, -0.0) (-0.0, 0.0) (0.0, -0.0) (-0.0, 0.0) (0.0, -0.0) (-0.0, 0.0) (0.0, -0.0) (-0.0, 0.0) (0.0, -0.0) (-0.0, -0.0) (0.0, -0.0) (-0.0, 0.0) (0.0, -0.0) (0.0, 0.0) (0.1, -0.0) (-0.0, -0.0) (-0.0, -0.0) (-0.0, 0.0) (0.0, -0.0) (-0.0, 0.0) (0.0, -0.0) (0.0, -0.0) (-0.0, 0.0) (0.0, 0.0) (-0.0, -0.0) (-0.0, 0.0) (0.0, -0.0) (0.0, -0.0) (-0.0, 0.0) (0.0, -0.0) (-0.0, 0.0) (0.2, -0.1) 
(-0.0, 0.1) (-0.0, -0.0) (-0.0, 0.0) (0.0, 0.0) (0.0, -0.0) (-0.0, 0.0) (-0.0, 0.0) (0.0, -0.0) (-0.0, 0.0) (0.0, -0.0) (0.0, 0.0) (-0.0, 0.0) (-0.0, 0.0) (0.0, -0.0) (-0.0, 0.0) (0.0, -0.0) (0.2, 0.0) (-0.1, -0.0) (-0.0, 0.0) (-0.0, -0.0) (-0.0, 0.0) (0.0, 0.0) (-0.0, -0.0) (0.0, -0.0) (-0.0, 0.0) (0.0, -0.0) (0.0, 0.0) (0.0, -0.0) (0.0, -0.0) (0.0, -0.0) (-0.0, 0.0) (0.0, -0.0) 
(-0.0, 0.0) (0.2, 0.1) (-0.0, -0.1) (-0.0, 0.0) (-0.0, -0.0) (0.0, -0.0) (-0.0, 0.0) (0.0, -0.0) (0.0, -0.0) (-0.0, 0.0) (0.0, -0.0) (-0.0, 0.0) (-0.0, -0.0) (0.0, 0.0) (0.0, 0.0) (-0.0, -0.0) (0.0, -0.0) (0.0, 0.0) (0.1, 0.0) (-0.0, -0.0) (-0.0, 0.0) (0.0, -0.0) (-0.0, 0.0) (0.0, -0.0) (-0.0, 0.0) (-0.0, 0.0) (0.0, -0.0) (0.0, 0.0) (-0.0, -0.0) (0.0, 0.0) (-0.0, 0.0) (-0.0, 0.0) 
(0.0, -0.0) (-0.0, 0.0) (-0.0, -0.0) (0.0, -0.0) (-0.0, 0.0) (-0.0, -0.0) (-0.0, 0.0) (0.0, -0.0) (-0.0, 0.0) (-0.0, -0.0) (-0.0, -0.0) (0.0, 0.0) (-0.0, 0.0) (0.0, -0.0) (-0.0, 0.0) (-0.0, -0.0) (-0.0, -0.0) (0.0, 0.0) (-0.0, -0.0) (0.0, -0.0) (-0.1, -0.0) (0.0, -0.0) (-0.0, 0.0) (0.0, -0.0) (-0.0, 0.0) (0.0, -0.0) (-0.0, 0.0) (-0.0, -0.0) (0.0, 0.0) (-0.0, 0.0) (0.0, -0.0) (-0.0, 0.0) 
(-0.0, -0.0) (-0.0, -0.0) (0.0, 0.0) (-0.0, 0.0) (0.0, -0.0) (-0.2, -0.2) (0.0, 0.1) (0.1, -0.1) (-0.0, 0.1) (0.0, -0.0) (-0.0, 0.0) (0.0, -0.0) (-0.0, -0.0) (0.0, -0.0) (-0.0, 0.0) (0.0, -0.0) (-0.0, -0.0) (0.0, 0.0) (0.0, -0.0) (-0.0, 0.0) (-0.0, -0.0) (0.0, 0.0) (-0.0, -0.2) (-0.0, 0.1) (0.1, -0.0) (-0.1, 0.0) (0.0, 0.0) (0.0, -0.0) (-0.0, 0.0) (-0.0, 0.0) (0.0, -0.0) (0.0, -0.0) 
(-0.0, 0.0) (0.0, -0.0) (-0.0, 0.0) (0.0, 0.0) (-0.0, -0.0) (0.0, 0.0) (-0.0, 0.0) (-0.3, 0.1) (0.2, -0.1) (-0.1, 0.2) (0.1, -0.1) (-0.1, 0.1) (0.0, -0.0) (-0.0, 0.0) (0.0, -0.0) (-0.0, -0.0) (0.0, -0.0) (-0.0, 0.0) (-0.0, 0.0) (0.0, -0.0) (-0.0, -0.0) (0.0, -0.0) (-0.0, 0.0) (0.0, -0.0) (-0.3, -0.1) (0.1, 0.0) (-0.0, -0.0) (-0.0, 0.0) (0.0, -0.0) (-0.0, 0.0) (0.0, -0.0) (0.0, -0.0) 
(0.0, 0.0) (-0.0, 0.0) (0.0, 0.0) (-0.0, -0.0) (0.0, 0.0) (0.0, -0.0) (0.0, 0.0) (-0.0, -0.0) (0.0, 0.0) (-0.0, -0.2) (-0.1, 0.1) (0.1, -0.0) (-0.1, 0.0) (0.0, -0.0) (-0.0, 0.0) (-0.0, 0.0) (-0.0, 0.0) (0.0, 0.0) (-0.0, 0.0) (-0.0, -0.0) (0.0, 0.0) (-0.0, 0.0) (-0.0, 0.0) (-0.0, -0.0) (0.0, 0.0) (-0.0, -0.0) (-0.0, 0.1) (-0.0, -0.0) (0.0, -0.0) (-0.0, 0.0) (0.0, -0.0) (-0.0, 0.0) 
(0.0, -0.0) (-0.0, -0.0) (0.0, -0.0) (-0.0, 0.0) (0.0, 0.0) (0.0, -0.0) (-0.0, 0.0) (-0.0, 0.0) (0.0, 0.0) (0.0, 0.0) (-0.0, -0.0) (0.8, 0.0) (-0.4, 0.1) (0.3, -0.1) (-0.2, -0.0) (0.0, -0.0) (0.0, -0.0) (-0.0, 0.0) (-0.0, -0.0) (0.0, 0.0) (-0.0, -0.0) (-0.0, -0.0) (0.0, 0.0) (-0.0, -0.0) (-0.0, -0.0) (0.0, -0.0) (-0.0, 0.0) (-0.0, 0.0) (0.3, 1.3) (0.1, -0.5) (-0.4, 0.1) (0.4, -0.2) 
(-0.2, 0.0) (0.1, 0.0) (0.0, 0.0) (0.0, 0.0) (-0.1, -0.0) (0.1, 0.0) (-0.0, 0.0) (-0.0, -0.0) (0.0, 0.0) (0.0, 0.0) (-0.0, 0.0) (-0.0, -0.0) (0.0, 0.0) (0.3, 3.3) (0.3, -1.0) (-0.7, -0.6) (0.1, -0.0) (0.2, 0.1) (-0.2, 0.0) (0.0, 0.0) (0.0, 0.0) (0.1, -0.0) (-0.1, 0.0) (0.0, 0.0) (0.0, 0.0) (-0.0, 0.0) (-0.0, 0.0) (-0.0, -0.0) (0.0, 0.0) (-0.0, -0.0) (-4.9, 2.9) (0.8, -3.9) 
(1.9, -0.6) (-0.4, 0.1) (0.3, 0.2) (0.1, -0.1) (-0.0, -0.0) (-0.0, -0.0) (0.0, 0.1) (-0.0, -0.0) (-0.0, -0.0) (-0.0, 0.0) (-0.0, -0.0) (-0.0, -0.0) (0.0, 0.0) (-0.0, -0.0) (0.0, 0.0) (17.1, -10.0) (-0.5, 5.3) (0.9, 3.2) (0.3, 1.9) (-0.8, 0.2) (0.3, 0.4) (-0.1, 0.1) (0.0, -0.0) (-0.0, -0.2) (0.2, -0.1) (0.0, -0.1) (0.1, -0.1) (0.0, -0.0) (-0.0, 0.0) (-0.1, 0.1) (-0.1, -0.0) (-0.1, 0.0) 
(0.0, 0.0) (0.0, 0.0) (0.0, 0.0) (0.0, 0.0) (0.0, 0.0) (0.0, 0.0) (0.0, 0.0) (0.0, 0.0) (0.0, 0.0) (0.0, 0.0) (0.0, 0.0) (0.0, 0.0) (0.0, 0.0) (0.0, 0.0) (0.0, 0.0) (0.0, 0.0) (0.0, 0.0) (0.0, 0.0) (0.0, 0.0) (0.0, 0.0) (0.0, 0.0) (0.0, 0.0) (0.0, 0.0) (0.0, 0.0) (0.0, 0.0) (0.0, 0.0) (0.0, 0.0) (0.0, 0.0) (0.0, 0.0) (0.0, 0.0) (0.0, 0.0) (0.0, 0.0) 
(2033.0, 2160.0) (-770.5, 515.5) (-436.0, 181.0) (-318.6, 63.6) (-255.0, 0.0) (-212.5, -42.5) (-180.0, -75.0) (-152.5, -102.5) (-127.0, -128.0) (-101.5, -153.5) (-74.0, -181.0) (-41.5, -213.5) (1.0, -256.0) (64.6, -319.6) (182.0, -437.0) (516.5, -771.5) (1912.0, 2033.0) (-763.5, 516.5) (-429.0, 182.0) (-311.6, 64.6) (-248.0, 1.0) (-205.5, -41.5) (-173.0, -74.0) (-145.5, -101.5) (-120.0, -127.0) (-94.5, -152.5) (-67.0, -180.0) (-34.5, -212.5) (8.0, -255.0) (71.6, -318.6) (189.0, -436.0) (523.5, -770.5) 
(1793.0, 1912.0) (-754.6, 523.1) (-420.3, 188.3) (-303.2, 70.6) (-240.0, 7.0) (-197.9, -35.4) (-165.7, -67.7) (-138.4, -94.9) (-113.0, -120.0) (-87.5, -145.1) (-59.7, -172.3) (-26.9, -204.6) (16.0, -247.0) (79.9, -310.6) (197.7, -428.3) (532.4, -763.1) (1679.0, 1793.0) (-740.7, 529.4) (-407.7, 192.1) (-292.6, 72.6) (-232.0, 8.0) (-192.7, -34.2) (-163.0, -65.3) (-137.5, -90.5) (-113.0, -113.0) (-87.3, -135.3) (-58.3, -160.1) (-23.5, -190.5) (22.0, -232.0) (88.7, -295.8) (209.0, -414.7) (545.5, -751.5) 
(1563.0, 1671.0) (-725.0, 538.2) (-389.5, 197.4) (-275.9, 75.0) (-219.0, 7.0) (-182.8, -37.0) (-156.7, -66.5) (-136.1, -89.3) (-115.0, -119.0) (-89.1, -132.2) (-58.5, -153.4) (-23.3, -179.8) (23.0, -219.0) (92.8, -281.0) (216.7, -397.5) (555.3, -733.9) (1452.0, 1563.0) (-700.5, 544.0) (-372.9, 198.7) (-266.1, 74.2) (-211.0, 8.0) (-175.2, -33.4) (-150.0, -64.6) (-129.1, -91.9) (-100.0, -115.0) (-86.3, -133.3) (-63.1, -150.7) (-32.5, -172.6) (15.0, -204.0) (89.9, -257.3) (222.0, -371.4) (571.6, -713.7) 
(1352.0, 1452.0) (-674.8, 555.7) (-346.8, 195.9) (-247.3, 64.6) (-204.0, 0.0) (-175.2, -36.0) (-147.3, -61.2) (-119.5, -84.4) (-96.0, -100.0) (-78.1, -131.0) (-61.2, -151.9) (-36.0, -171.7) (8.0, -196.0) (84.2, -240.8) (223.3, -346.8) (582.8, -684.5) (1250.0, 1352.0) (-641.0, 559.6) (-325.2, 193.1) (-235.3, 63.2) (-194.0, 0.0) (-165.8, -36.3) (-141.6, -59.3) (-117.9, -76.7) (-102.0, -96.0) (-71.3, -120.9) (-50.8, -149.1) (-30.1, -174.9) (2.0, -196.0) (70.1, -226.4) (217.6, -316.7) (599.2, -651.6) 
(933.0, 1054.0) (-462.3, 725.1) (-380.1, 84.3) (-194.7, 91.7) (-202.0, 1.0) (-168.6, -35.5) (-104.6, -67.9) (-163.7, -40.6) (-27.0, -160.0) (-141.2, -47.3) (-13.9, -194.3) (18.3, -118.2) (-132.0, -259.0) (272.1, -118.2) (-49.4, -434.1) (864.1, -432.8) (837.0, 895.0) (-382.8, 805.7) (-415.0, -4.2) (-129.5, 134.7) (-252.0, 0.0) (-107.0, -87.9) (-163.5, 31.4) (-97.3, -140.3) (-57.0, -65.0) (-144.4, -110.8) (39.0, -149.8) (-78.0, -116.1) (8.0, -258.0) (134.2, -110.9) (27.5, -425.4) (828.9, -350.2) 
(785.0, 931.0) (-384.6, 597.5) (-327.8, 223.8) (-212.7, -70.3) (-163.0, 107.0) (-148.8, -85.9) (-152.7, -23.5) (-56.9, -106.0) (-121.0, -27.0) (-95.7, -185.4) (73.8, -61.8) (-216.4, -162.0) (215.0, -227.0) (-62.8, -110.2) (138.7, -402.5) (762.0, -349.7) (779.0, 878.0) (-389.8, 587.9) (-294.7, 161.7) (-211.4, 19.6) (-155.0, 8.0) (-135.3, -2.2) (-164.0, -71.6) (-18.5, -89.7) (-171.0, -8.0) (-17.0, -215.5) (-3.3, -13.7) (-150.6, -200.1) (187.0, -174.0) (-81.9, -154.3) (198.0, -340.4) (660.5, -353.8) 
(660.0, 804.0) (-303.4, 549.7) (-318.8, 186.2) (-185.0, -25.3) (-150.0, 62.0) (-149.5, -51.6) (-115.9, -32.5) (-70.7, -101.8) (-104.0, -16.0) (-74.7, -176.7) (34.8, -54.2) (-157.9, -146.4) (162.0, -210.0) (-36.4, -101.4) (135.9, -363.5) (689.5, -290.5) (602.0, 693.0) (-274.7, 571.1) (-298.8, 129.6) (-177.2, 20.4) (-141.0, 14.0) (-140.8, -9.2) (-113.3, -71.1) (-66.6, -51.7) (-96.0, -63.0) (-74.8, -127.5) (30.8, -89.6) (-139.6, -112.1) (139.0, -224.0) (-13.6, -70.5) (117.3, -380.9) (663.4, -212.6) 
(523.0, 634.0) (-218.8, 543.6) (-307.1, 119.0) (-146.2, 30.3) (-153.0, 10.0) (-113.9, -5.8) (-125.7, -67.2) (-48.1, -51.1) (-107.0, -56.0) (-45.5, -127.3) (1.1, -79.0) (-94.6, -117.4) (93.0, -200.0) (22.2, -78.6) (83.7, -352.8) (653.0, -185.9) (503.0, 565.0) (-224.3, 527.8) (-259.3, 90.2) (-163.6, 58.4) (-132.0, -20.0) (-106.0, 15.8) (-125.3, -73.5) (-27.7, -47.3) (-125.0, -45.0) (-15.5, -136.0) (-28.7, -44.2) (-59.3, -140.8) (70.0, -152.0) (21.8, -107.6) (105.3, -312.5) (582.7, -162.3) 
(425.0, 499.0) (-187.4, 469.7) (-240.3, 108.4) (-149.2, 37.8) (-123.0, 1.0) (-104.1, -3.9) (-110.3, -53.7) (-39.7, -51.4) (-99.0, -41.0) (-29.9, -125.2) (-19.7, -44.4) (-49.3, -137.1) (57.0, -131.0) (25.4, -112.6) (110.3, -274.3) (534.2, -141.2) (614.0, 662.0) (-227.8, 490.0) (-221.8, 77.5) (-190.1, 37.5) (-97.0, -1.0) (-128.2, -0.4) (-95.3, -51.7) (-43.8, -76.8) (-112.0, -2.0) (-23.8, -167.0) (5.8, -11.5) (-117.0, -173.7) (119.0, -87.0) (3.8, -154.7) (67.3, -282.3) (542.8, -147.0) 
(806.0, 888.0) (-267.0, 471.8) (-245.9, 88.8) (-183.1, 17.5) (-127.0, -1.0) (-104.5, 23.1) (-128.5, -85.0) (-20.2, -60.7) (-134.0, -6.0) (-40.3, -171.5) (63.9, -8.8) (-225.8, -206.0) (231.0, -49.0) (-64.2, -223.4) (62.5, -259.0) (553.1, -226.8) (1060.0, 1082.0) (-391.5, 472.8) (-213.9, 124.8) (-230.1, -45.7) (-136.0, 62.0) (-79.9, -25.4) (-193.6, -56.3) (53.7, -92.0) (-228.0, 10.0) (20.9, -183.1) (51.9, -30.8) (-282.0, -183.9) (304.0, -86.0) (-129.5, -208.3) (83.6, -313.7) (534.4, -270.5) 
(1255.0, 1347.0) (-433.2, 462.0) (-302.8, 126.8) (-205.8, -3.6) (-150.0, -2.0) (-137.8, 27.7) (-152.2, -64.5) (28.5, -159.2) (-275.0, 103.0) (85.4, -266.9) (-7.2, -18.8) (-296.6, -157.0) (374.0, -164.0) (-218.4, -174.8) (146.2, -351.5) (529.9, -400.2) (1308.0, 1457.0) (-467.2, 526.4) (-342.6, 216.4) (-235.5, -189.2) (-164.0, 213.0) (-137.6, -145.9) (-170.6, 19.4) (-13.3, -166.8) (-188.0, 41.0) (-78.4, -200.9) (180.6, -100.4) (-461.7, -117.8) (436.0, -231.0) (-144.9, -119.6) (-43.4, -495.4) (778.4, -386.2) 
(1407.0, 1461.0) (-420.1, 976.3) (-572.9, -287.1) (-103.6, 247.3) (-279.0, 7.0) (-93.6, -173.5) (-207.4, 111.4) (-78.5, -198.2) (-65.0, -59.0) (-204.2, -93.8) (122.9, -190.9) (-183.9, -100.6) (9.0, -289.0) (249.9, -81.0) (-286.6, -601.4) (962.0, -424.5) (1638.0, 1786.0) (-629.0, 877.6) (-525.6, -98.7) (-207.0, 132.7) (-236.0, 6.0) (-194.3, -57.7) (-110.0, -88.7) (-226.8, 0.3) (24.0, -240.0) (-220.5, -6.7) (-2.4, -237.3) (23.5, -128.3) (-238.0, -312.0) (467.8, -81.1) (-438.0, -671.3) (1098.3, -592.7) 
(2198.0, 2315.0) (-982.9, 680.7) (-465.5, 118.1) (-288.6, 38.2) (-236.0, 5.0) (-208.9, -33.4) (-178.9, -72.5) (-144.6, -105.0) (-114.0, -121.0) (-99.7, -136.4) (-86.5, -176.1) (-39.1, -218.5) (20.0, -239.0) (31.4, -270.8) (86.9, -485.5) (716.4, -1042.6) (2069.0, 2198.0) (-949.7, 721.0) (-482.4, 135.9) (-297.2, 40.1) (-240.0, 9.0) (-211.9, -40.1) (-177.2, -77.5) (-141.6, -96.7) (-125.0, -114.0) (-110.2, -147.6) (-73.6, -187.9) (-26.8, -207.9) (4.0, -225.0) (11.8, -297.3) (121.2, -514.5) (773.6, -987.5) 
(1949.0, 2069.0) (-896.6, 759.0) (-494.7, 166.7) (-324.2, 35.3) (-244.0, -10.0) (-200.0, -40.2) (-173.8, -68.2) (-155.6, -93.6) (-135.0, -125.0) (-104.7, -158.1) (-63.3, -182.7) (-32.1, -198.5) (-10.0, -226.0) (13.2, -320.6) (155.8, -527.8) (811.8, -935.1) (1818.0, 1949.0) (-852.5, 780.5) (-496.0, 188.2) (-327.7, 40.9) (-242.0, -9.0) (-206.9, -37.9) (-180.5, -68.9) (-157.2, -105.4) (-126.0, -135.0) (-92.7, -154.8) (-66.0, -168.2) (-48.7, -194.2) (-26.0, -245.0) (28.2, -351.8) (198.5, -527.1) (841.6, -865.3) 


 correcting consistency: original value was: 
complex : 0.000000
complex : -0.587883
32 32 3
0.0009770.0009770.000977